course 0:
111101110111111111111111011111111111110111110111111111101111111101111111111111110111111111
111101110111111111111111111111111111111111110111111111101111111111111111111111110111111111
111101110111111111111111111111111110110111110111111111111111111101111111111111110111111111
111101110111111111111111011111111111110111110111111101101111111101111111111110011111111111
111111110111111111111111011111111111110111110111101111111111111101111111111101110111011111
111101110111111111111111011111111111110111111111111111101111111101111111111111110111111111
111111110111111111111111011111111111110111110111111111100111111101111101111111110111111111
111101110011111111111111011111111111111111110111111101101111111101111111111111110111111111
111100110111111111111111011111111111110111110111111111101101111101111111111111111111111111
111101111111111111111111011111111111110111110111110111101111101101111111111111111111111111
111101110111111111111111011111011111111111110111111111101111111101111111111111110111111111
111100111111111110111111011111111111110111111111111111101101111101111111111111110111111111
111101110111111111111111011111111111111111111111111111111111111111111111111111110111111111
111101111111111111111110011111111111110111110111111111101111111101111111111111110111110111
111101110111111111111111111111111111110111110111111111101111111101111111111111110111111111
111111110111111111111111011110111111110111110111111111111111111111111111111111111111111111
111111110111111111111111011111111111110111110111111111101111111101111111111111110111111111
111101111111111111111101111111111111110111110111111111101111111111111111111111110111111111
111101110111101111111111011111111111110111110111111111101111111101111111111111110111111111
101101110111111111111111011111111111010111111111111111001111111101111111111111110111111111
course 1:
111011111111111111111111010110111111111111111111111111111111111111110111111111011011111111
111111111011111111111111110110111111111111111111111111111111111011110111111111011011110111
111111111111111111111111101110111111111111111111111111111111111111110111111111111011111111
111111111111111111111111110110111111111111111111111111111111011111110111111101111011111111
111111101111101111111111110110111111111111111111101111111111111111110111111111011011111111
110111111111111111111111110111111111111111111111111111111111111111010111111111011111111011
111111111111111111111111110110111111111111111111111111111111111111111111111111011111111111
111111111111111111111111110110111111111111111111111111111111111111110111111111111011111111
111111111111111111111111110110111111111111111101111111111111101111110111111111011011111111
111111111111111111111111111110111111111111111111111111111111111111111111111111111111111111
111111111111111101111111110111111111111111111111111111111111111111110111111111011011111111
111111111111111111111111110110111111111111111111111111101111111111110111111111011011111111
111111111111111111111110110110111111111111111011111111111111111111110111111111011011111111
111111111111011111111111110110111111111111111111111111111111111111110111111111011011111111
111111111111111111111111110111111111111111111111111111111111111111110111111111011111111111
101111111111111111111111110110111111111111101111111111111111111110110111111111011011111111
111111111111111111111111111110111111111111111111111111111111111111011110111111011011111111
111111111111111111111111111110111111111111111111111111111111111111110111111111011011111111
111111111111111111111111110111111111111111111111111111111111111111111111111111011011111111
111111111111111111111011110110111111111111111111111111111111111111110111111111011011111111
course 2:
111111111111111111111111111111111111011111011101111101111111110111111111111111111111111111
111111111111111111111111111111111111111111011100111101111111110111111111111111111111111111
111111111111111111111111111111111111001111011001111101111111110111111111111111111111111111
111111111111101111111111111111111111011111111011111101111111111111111111111111111111111111
111111111111111111111111111111111111011111011001111101111111110111111111111110111111111111
111111111111111111111111101111111111111111011001111111111111110111111111111111111111111111
111111111111011111111111111111111111011111111001111111111111110111111111111111111111111111
111111111111111111111111111111111111011111111001111101111111110111111111111111111111111111
111111111111111111111111111111111111111111011001111101111111110111111111111111111111111111
111111111111111111111111111111111111011111011001111101111111111111111111111111111111111111
111111111111111111111111111111011111011111011000111101111111110111111111111111111111111111
111111111111111111111111111111111111111111011001111111111111110111111111111111111111111111
101111111111111111111111111110111111011111011011111101111111110111111111111111111111111111
111111111111111111111111111111111111011111011001111101111111111111111111111111111111111111
111111111111111111111111111111111111011111011011111101111111110111111111111011111111111111
111111111111111111111111111111111111011111111101111111111111110111111111111111111111111111
111111111111111111101111111111111111011111011101111101111111110111111111111111111111111111
111111111111111101111111111111111111011111011010111101111111111111111111111111111111111111
111111111101111111101111111111111111011111011001111101111111110111111111110111111111111111
111111111111111111111111111111111111011111011001111101111111110111111111111111111111111111
course 3:
010111111111011111111111111111111111111111111110111111111111111011110011111111111111111111
010111011101011111111111111111111111111110111111111111111111111110111111111101111111111111
011111111111011111111111111111111111111111111110111111111111111110111111111101111111111111
010111111111111111111111111111111111111111111110111111011111111111111110111101111111111110
011111111111011111111111111111111111111111111110111111011111111110111111110101111011111111
010111111111011111111111111111110110111111111110111111111111111110111111111101111111111111
010111111111011111110111111111111111111111111110111111111111111110111111111101111111111111
010111111111011111111111111111111111111110111110110111111111101110111111111101111111111111
010111111111011111111111111111111111111111111110111111111111111110111111111101111111111111
110111111111011111111101111111111111111111111110111111111111111110111011111101111111111111
010111111111111111111111111111111111111111111110111111111111111110111111111111111111111111
011111111111011111111111111111111011011111111111111111111111111110011111111101111111111111
010101111111111111111110111111111111111111111110111111111111111110111111111101111111111111
010111111111011111111111111111111111111111111110111111111111111110111101011101111111111111
010111111111011111111111111111111111111111111111111111111111111111111111111100111111111111
010111111111011111111111110111111111111111111110111111111111110110111111111111111111111111
011111111111111111111111111111111111111111111010111111111111111111111111111111111111111111
110111111111011111111111111111111111111111111110111111111111111110111111111101111110111111
110111111111011111111111111111111111111111111111111111111111111110111111111001111111111111
110111111111011111111111111111111111111111111110111111111111111110111111110101111111111111
course 4:
011111111111111110111111111111111111111111101111111111111111111110111111111111111111111110
011111111111111110111111111111111111011111101110111111111111111111111111111111111111111110
011111111111111110111111111111101111011111101110111111111111111111111111111111111111111110
011111111111111110111111111111111111011111101100111111111111111111111111111111111111111110
011111111111111111111111111111111111011111101110111111111111111111111111111111111111111111
011111111111111110111111111111111111011111101110111111111111111110111111111111101101111110
111111111111011110111111111111111111011111101110111111111111111111111111111111111111111110
111111111111111111111111111111111111011111100111111111110111111111111111111111111111111110
011111111111111111111111111111111111011111101110111111111111111111111111111111111111111110
011111111111111110111111111111110111111111101110111111111111111111111111111111111111111110
011111111111111110111111111111110111011111111110111111111111111111111111111101111111111110
011111111111111110111111111111111111011111101110111111111111111111111111111111111111111111
111111111111111110111111111111111111011111111110111111111111111111111111111111111111111110
111111111111111110111111111111111111011111101110111111111111111111111111111111111111111110
011111111111111110110101111111111111011111101110111111111111111101111111111111111111111110
011111111111111110111001111111111111011111101110111111111111111111111111111111111111111111
011111111111111110111111111110111111011111111110111111111111111111111111111111011111111110
011111111111111110111111111111111111111111101110111111111111111111111111111111111111111111
011111111111111111111111111111111110111011111111111111110111111111111111111111111111111110
011111111111110110111111111111111111011111101110111111111111111111111111111111111111111110
