course 0:
10111111111111111111
10111111111111111111
11111011111111111111
11111111111111111111
00000100000001001001
00010000010000001100
11111111111111111111
11111111111111011111
11111111111111111111
00000000100001101000
11111111111111111111
11111111111111111111
11111111111111111111
00100000010110000000
11111111111111111111
11111111111111111111
11111111111111111111
11111111111111111111
11111111111111111111
11111111111111111111
11111111111111111111
11111111111111111111
11111111111111111111
11111111111111111111
11111111111110101111
11111111101111111111
11111111111111111111
11111111111111111111
11111111111111111111
11111111111111111101
11111101111111111111
11111111111111111111
11111111111111111111
11111111111111111111
11111111110111111111
11111111111111111111
11111111111111111101
11111111111111111111
11111111111111111111
11111111111111111111
11111111111111111111
11111111111111111110
11111111111111111111
11111111111111111111
11111111111111111111
11111111111111111111
11111111111111111111
11111111111111111111
11111111111111111111
11111111111111111111
11111111111011111111
11111111111111111111
11111111111111111110
11111111111111111111
11111111111111111111
11111111111111111111
11111111111111111111
11111111111111111111
11111111111111111111
11111111111111111111
11111111111111111111
11111111111111111111
11111111111111111111
11111111111111111111
11111111111111111111
11111111111111111111
11111111111111111111
00000000000010001100
11111111111111111111
11111111111111111111
11111111111011011111
11110111111111111111
11111111111111111111
11111111111111111111
11111111111111111111
11111111111011111111
01000100010000000010
11111111111111111111
11111111111111111111
11111111111111111111
11111111111111111111
11111111111111111111
11111111111111111111
11111111111111111111
11111111111111111111
11111111111111111111
11111111111111111111
11111111111111111111
11111111111111111111
11111011111111111111
course 1:
11111111111111111111
11111111111111111111
11111111111111111111
11011111111111111111
11111111111111111111
11111110111111111111
11111111111111111111
11111111111111111111
11111111111111111111
11111111111111111111
11111111111111111111
11111111111111111111
01010000100100000000
11111111111111111111
11111111111111111111
11111111111111111011
11111111111111111111
11111111111111111111
00000010001010001000
11111111111111111111
11111111111111111111
11111111111011111111
11111111111111011111
11111111111111111111
11111111111111110111
11111111111111111111
11111111111111111111
11111111111111111111
11111111111111111111
11111111111111111111
11111111111111111111
11111111111111111111
11111111111111111111
00000001100000100001
11011111111111111111
11111111111110111111
11111111011111111111
11111111111111111111
11111111111111111111
11111111111111111111
11011111111111111011
11111111111111111111
11111111111111111111
00000001001100000100
11111111111111111111
11111111111111101111
11111111111111101111
11111111111111111111
11111111111111111111
11111111111101111111
11111111111111111111
11111111111111111111
11111111111111111111
11111111111111111111
11111111111111111111
01111111111111111111
11111111111111111111
10111111110111111111
11111111111111111111
11111111111111111111
11111111111111011111
11111111011111111111
11111111111111111111
11111111001111111111
11111111111111111011
11111111111111111101
11111111111111111111
11111111111111111111
11111111111111111111
11111111111111111111
10010000000001000001
11111111111111111111
11111111111111111111
11111111101111111111
11111111110111111111
11111111111111111101
11111111111111011111
11111111111110111111
11111111101111111111
11111111111111111111
11111111111111111111
11111111111111111111
11111011111111111111
11111111111111111111
11111111111111111111
11111111111011111111
11111111111111111111
11111111111111111111
11111111111111111111
11111111111111111111
course 2:
10000000100010000000
11111111111111111101
11111111111111111111
11111111111111111011
10110111111111111011
11111101111111111111
11111111111111111111
11111111111111111111
11111111111111111111
11111111111111111111
11111111111111111101
11111111111111111111
11111111111111111110
10101111111111111111
11111111111111111111
11111111111111111111
11111111111111111111
10000001010000000010
11111110111111111111
11111111011111111111
11111111111111111111
11111111111111111111
11111111111111111111
11111111111111111111
11111111111111111111
11111111111111111111
11111111111111101111
11111111111111111111
11111111111101111111
11111111011111111111
11111111111111111111
11111111111111111111
11111111111111111111
11111111110111111111
11111111111111111111
11111111111111111111
11111111111111111111
11111111111111111111
11111111111111111111
11111111111111111111
11111101111111111111
11011111111111111111
11111111111111111111
11111111111111111111
11111111111111111111
11111111111111111111
11111111111111111111
11111111111111111111
11111111111111111111
11111111111111111111
11111111111111111111
11111111111111111111
11111111111111111111
11011111111111111111
00000000011000010100
00010000010000100010
11111111111111111101
11111111111111111111
11111111111111111111
11111111111111111111
11111111111111111111
11111111111111111111
11111111111111111111
11111111111111111111
11111111111101111111
11111111111111111111
11111111111111111111
10111111111111111111
11111111111111111111
11111111111111111111
01000000000010001100
11111110111111111111
11111111111111111111
01111111111111111111
11011111111111111111
11111111111111111111
11111111111111111011
11111111111111111111
11111111111111111111
11111111111111111111
11111111111111111111
11111111111111111111
11111111111111111111
11111111111111111111
11111111111111111111
11111111111111111111
11111111111111111111
00100000001000010001
11111111111111111111
11111111111111111111
course 3:
11111111111111111111
11111111111111111111
11111111111111111111
11111111111111111111
11111111111111111111
11111111011111111111
11111111111111111111
11111111111011111111
11111111111101111111
11111111111111111111
11111111111111111111
11111111111111111111
11111111111111111111
11111111111111111111
11111111111111111111
11111111111111111101
11111111111111111111
11111111111111111111
11111111111111111111
11111111111111111111
00000101001000000100
11111111110111111101
11111111111111111111
11111111111111111111
11111111111111111111
11111111111111111111
11111111111111111111
11111111111111111111
11111111111111111111
11111111111111111111
11111111111111111111
11111111111111111111
11111111111010111111
11111111111111111111
11111111111111111111
11111111111011111111
11111111111111111111
11111111111111111111
11111101111111111111
11111111111111111111
11111111111111111111
11111111111111111111
11111111111111111111
11111111111111111111
11111111111111111111
11111111111110111111
11110111111111111111
11111111111111111111
11111111111111111111
11111111111111111111
11111111111111111111
11111111111111111111
11110110111111111111
11111111111111111111
00100000010100000001
11111111111111111111
11101101111111111111
11111111111111111111
10111111111111111111
11111111111111111111
11111111111111111111
11111111111111111111
01111111111111111111
11111111111111111111
11111111111111111111
01010000000010000001
11111111111111111111
10001000000100000010
00001100010000000100
11111111110111111111
11111111111111111111
11111111111111111111
11111111111111111111
11111111111111111111
11111111111111111110
11111111111111111111
11111111111111111111
11111110011111111111
11111111111111111111
11111111111111111111
11111111111111111111
01111111111111111111
11111111111111111111
11111111111111111111
11111111111111111111
11110111111111111111
11111111111111111111
11111111111111111111
11111110111111111110
11111111111111111111
course 4:
11111111111111111111
11111111111111111111
11111111111111111111
11111111111111111111
11111111111101111111
11111111111111111111
11111111111111111111
11111111111110111111
11111111111111111111
11111111111111111111
11111011111111111111
11111111111111101111
11111111111111111111
11111111111111111111
11111111111111111111
11111111111111111111
11111111111111111111
11111111111111111111
11111111111111111111
11111111111111111111
01111111111111111111
11111111111111111111
11111111111111111111
11111111111111111111
00001100000000001100
11111111111111111111
11111111111111111111
11111111111111111111
11111111111111111111
11111111111111111111
11111011111111111111
11111111111111111111
11111111111010111111
11111111111111111111
11011111111111111111
11111111111111111111
11111111111111111111
11111111111111111111
11111111111111111111
11111111101111111111
11111111111111111111
11111111111111111111
11111111111111111111
11111111101011111110
01111111111111111111
00100000101000001000
11111111110111111111
11111111111111111111
11111111111111111111
11111111111111111111
11111111111111111111
11111111011111111111
11111111111111111111
11111111111111111111
00010000100010010000
00000001001101000000
11111111111111111111
11111111111111111111
11111111111111111111
11111111111111111111
11111111111111011111
11111111111111111111
11111111111111101111
11111111111101111111
11011111111111111111
11110111111111111101
11111111111111111111
11111111111111111111
11111111111111111111
11111111111111111111
11111111111111111111
11111011111111111111
11111111111111111111
11111111111111011111
11111111111111111111
11111111101111111111
11101111111111111111
11111111111111111111
11111111111111111111
11111111111111111111
11011111111111111111
00100000001000010010
11111111111111011111
11111111110111111111
11111111111111111111
11111111111111111111
11111111111111111111
11111111111111111011
00010000001000000011
11111111111111111111
