course 0:
111100111011101111111111111111111111111111111111111111111111111111101111111101111111111111
001100111011101111111111111111111111111111111111111111111111111111101111111111111111111111
111100111011111111111111111111111111111111111111111111111111111111101111111101111111111111
111101111011101111111111111111111111111111111111111111111111111111101111111101111111111111
111100111011101111111111111111111111111111111111111111111111111111101110111101111111111111
110110111011101111111111111111111111111111111111111111111111111111101111111111111111111110
111100111011101111111111111111011111111111111111111111111111111111101111111101111111111111
111100111011101111111111111111111111111111111111111111111111111111101111111101111111111111
111100111111101111111111111111111111111111111111111111111111111111101111111101111111111111
111101111011111111111111101111111111111111111111111111111111111111101111111111111111111111
111100111011101111111111111111111101111111111111111111111111111111101111111101111111111111
111100111011111111111111111111111111111111111111110111111111111111101101111001111111111111
111100111011111111111111111111111111111111111111111111111111111111111111111101111111111111
111110111111101111111111011111111111111111111111111111111111111111101111111101111111111111
111100101111101111111111111111111111111111111111111111111111111111101101111101111111111111
111100111011101111111111011111111111111111111111111111111111111111101111111101111111111111
111111111111101111111111111111111111111111111111111111111111111111111111111101111111111111
111101111011101111111111111111111111111111111111111111111111111111111111111101111111111111
111100111011101111111111111110111111011111111111111111111111111111101111111111111111111111
111110111011101111111111111111111111111110111111111101111111111111101111111101111111111111
course 1:
111111111111011111011111111111111011111111101111111111101111111111111111111111111111111111
111111111111111111011111111111111011111111101111111111111011111111111101111111111111111111
111011111111011111011111111111111001111101101111111111111111111111111101111111111111111111
111111111111111111011111111111111011111111101111111111111111111111111111111111111111111111
111111111111011111011111111111111011111111101111111111111111111111111101111111111111111111
111111111111011111011111111111111011111111101111111111111111111111111101111111111101111111
111111111111011111111111111111111011111111101111111111111111111111111101111111111111111111
111110111111011111011111111111111111111111111111111111111111111111111101111111111111111111
111111111111111111011111111111111111011111101111111111111111101011111101111111111111111111
111111111111011111011111111111111011111111101111111111111111111011111101101111011111111111
111111111111011111111111111111111011111111111111111111111011111111111101110111111111111111
111111111111111111011011111111111011111111111111111111111111111111111101111111111111101111
111111111111011111111111111111111011111111101111101111111111111111111101111111111111111111
111111111111011111011111111111111010111111101111111111111111111111111111111110111111111111
111111111111011111011101111111111111111111101111111111111111011111111101111101111111111111
111111111111011111011111111111111011111111101001111111111111111111111101111111111111111111
111111111111011111111111011111111011111111101111111111111111111111111101111111111111111111
111111111111011011011111111111111011111101111111111111111111111101111101111111111111111111
111111111111011111011111111111111011111111101111111111111111111110111101111011111111111111
111111111111011111011111111111111111111111101111111111111111111111111111111111111111111111
course 2:
111111111111111111111111111111111111111111111111111111001111111111111101101111111111111011
011101111111101110111111111111111111111111111111111111001111111111101111111111111111111011
011111111111111110111111111111111111111110111111111110001111111111111101110111111111111111
011111111111101110111111111111111111111111111111111111011111111111111101111111111111111011
011101111111111110111111111111111111111111111111111111001111111111111101111111111111111011
011111111111111110111111111111111111111111111111111111001111111111111101111111111111111011
011110111111111110111111111111111111111101111111111111001111111111111101111111111111111011
011111111111111111011111111111111111111111111111111111001111111111111100111111111111111011
111111111111111110101111111110111111111111111111111111001111111111111101111111111111111011
011111111111111111111111111111111111111111111111111111111111111111111101111111111111111011
011111111111111110111111111111111011111111111111111111101111111111111101111111111111111111
011111111111111110111111111111111111111111111111111111001111111111111101111111111111111011
111111111111111110111111111101111111111111111111111111001111111101111111111111111111111011
011111111111111110111111111111111111111111111111111111001111111111111101111111111111111011
011111111111111110111111111111111111111111111111111111011111111111111101111111111111111011
011111111111111110111111110111111111111111111111111111101111111111111101111111111111111111
011111111111111110111111111111111111111111111111111111001111111111111111111111111111111011
011001111111111110111111111111111111111111111111111111101111111111111111111101111111111011
001111111101111111111111111111111111111111111111111111010111111111111101111111111111111011
011111111111011110111111111111111111111111111111111111001111111111111101111111111111111111
course 3:
111111111111111111110111111111111111111111111111111111011111110110110111111111111011111111
111111111111111111110111111111111111111111111111111111011101111111100111111111111111111111
111111111111111111110111111111111111111111111111111111111111111110100111111111111111111111
111111111111111111110111111111111111111111111111111111010111111111100111111111111111111111
111111111111111111110111111111111111111111111101111101011111111110111111111111111111101111
111111111111111111111111111111111111111111111111111111011111111110101111111111111111111111
111111111111111111110111111111111111110111111111111111010111111110100111111111111111111111
111111111111111111111111111111111111111111111111111101011111111110100111111110111111111101
111110111111111111110111111111111111111111111111111111011111111110100111111110111111111111
111111111111111111110111111111111111111111111111111111111111111110101111111111111111111111
111111111111111111111011111111111111111111111111111111011111111110100011111111111111111111
111111101111111111110111111111110110111111111111111111111111111110110111111111111111111111
111111110111111111110111111111111111111111111111111111011111111111100111111111111111111111
111111111111111111110111111111110111111111111011111111011111111110100111111111111111111111
111111111111111111110111111111111111111111111111111111011111111110100111111111111111111111
111111111111111111110111111111111111111111111111111111011111111110100111111111111111111111
111111111111111111110111111111111111111111111111111111011111111110100111111111111111111111
111111111111111111111111111111111111111111111111111111011111111110101111111111111111111111
111111111111111011110011111111111111111111111111111111011111111110110111111111111111111111
111111111111111111110111111111111111111111111111111111111111111111100111110111111111111101
course 4:
111111111111111111110111011111111111111111110011111111001111111111111111111111111011111101
111111111111111111111111011111111111111111111011111111001111111111111111111111111011111101
111111111111111111111111011111111101111111111111111111001111111101111111111111110111111101
111111111111111111111111011111111111111111111011111111101111111111111111111101111011111111
111111111111111111111111111111111111111111111011111111001111111110111111111111111011111101
111111111101111111111111111111011111111111111011111111001111111111111110111111111011111101
111111111111111111111111011111111111111111111011111111001111111111111111111111111011111101
111111111111111111111111011111111111111111111011111111011111111111111111111111111011111101
111111111111111111111111011111111111111111111111111011101111111111111111111111111011111101
111111111111111111111111011111111111111011101011111111001111111111111111111011111011111101
111111111111111111111111011111111111111111111101111111011111111111111111111111111110111111
111111111111111111111111011111110111111111101011111111011111111111111111111111111011111101
111101111111111111111111011111111111111111111011111111101111111011111111111111111011111101
111111101111111111111111011111110111111111111011111111011111111111111111111111111011111101
111111111111111111111111011111111111111111111011111111001111011111111111101111111001111101
111111111110111111111111011111111111111111111011111111101111110111111111111111111111111101
111111111111111111111111111111111111111111111111111111001111111111111111111111111011111101
111111111111111111111111111111111111111111111011111111001111111111111111111111111011111001
111111111111111111111111011111111111111111111011111111001111111110111111111111111111111111
111111111111111111111111011111111111111111101011111111001111111111111111111111111011111111
