course 0:
111010111111111011111111111111111111111111101111111011111111111111111111111111111111111111
111010111101111111111111111101111111111011101111111011111111111111111111111111101111111111
111010111101111011111111111111111111111111101111111011111111111111011111110111001111111111
110010111111111011111111111111111111111111111111111011111111111111111111111111101111111110
011010111101111011111110111111111111111111101111111111111111111111111111111111101111111111
111010111101111011111111111111111111111111001111111011111111011111111111111111100111111111
111010111101111011111011111111111011111111101111111011111111111111111101111111101111111111
111011111111111011111111111111111111111111101101111010111111111111111111111111100111111111
110010101101111011111111111111111111111111101111111111111111111111111101111111101111111111
111011111101111011111111111111111111111111101111111011111111111111111111111111111111111111
111011111111111001111111111111111111111111111111111111111111111111111111111111101111111111
111010111101111111111111110111111111111111101111111010111111111111111111111111101111111111
111010111101111011111111111111111111111111101111111111101111111111111111111111101110111111
101111111101111011111111111111111101111111101111111011111111111111111111011111111111111111
111110111101111011111111111111111111111111111111111011111111111111111111111111101111111111
111010111101111111111111111111111111101111101111111011111111111111111111111111111111111111
111110111101111011111111111111111111111111101111111011111111111111111111111111101111111101
111010111101111001111111111111111111111111101111111011111111111111111111111111101111111111
111110111101111111111111111111111111111111101111111011111111111111111111111111101111111111
111010111101111011111111111111111111111111111111111011111111111111111111111111101111111111
course 1:
111111111111111111111111111111111111111111111111110111111101111101111111111011111101111111
111111111111111110111111111111111111110111111111110111111100111101111111111111111110111111
111111111111111111111111111111111111111111111111110111111100111101111111111011111101111111
111111110111111111111111111111111111111111111111111111111100111101111111111011110001111111
111111111111111111111111111111111110111111111111110111111100111101111111111010111101111111
111111111111111111111101101111111111111111111111110011111100111101111111111011111111111111
111111111111111111111111111111111111111111111111110110111100111101110111111011111101111111
111111111111111110111011111111111111111111111111110111111100111111111111111011111101111110
111111111111111111111101111111110101111111111111110111111110111101111111111111111101111111
111111111111111111111111111111111111111111111111110111110100110101111111111011111101111111
111111111111111111111111111111111110111111111111110111111101111101111111111011111101111111
101111111111111111111111111111111011111111111111110111111100111101111111111011111101111111
111111111111111111110111111111111111111111111111110111111100111101111111011011111101111111
111111111011111111111111111111111111111011111111110111111100111101111111111011111101111111
111111111111111111111111111111111011111111111111110111111110111101111111111011111111111111
111111111111111111111111111111111111111111111111111111111001111101111111111011111101111111
111111111111111111111111111101111111111111111111110111111110111111111111111111111101111111
111111111111111110111111111111111111111111111111111011111100101111111111111011111101111111
111111111111111101111111111111111111111111111111111111110111111101111111111011111101111111
111111111111111111111111111111111111111011111111110111111100111111111111111101111111111111
course 2:
110111111111111110111111101101111111111111110111111111111101111111111011111111111111111111
110111111111111110111111101111111111111111111111111111111101111111111011111111111111111111
110111110111111110111111101111111111111111111111111111111101111111111111111111111111110111
110111110111111110111111101111111111111111111110111111111101111111111011111111111111110111
110111110111011111111111111111111111111111111111111111111101111111111011111111111111111111
110111110111111110111111101111111111111111111111111111111101111111111011111111111111111111
111111110111111110111110101111111111111111111111111111111101111111111011110111110111111111
100111110111111110111111101111111111111111111111111111111111111111111011111111111011111111
110111110111111110111111101111111111111111111111111111111101111111111111111111111111111111
110111110111110110111011101111111111111111111111111111111101111111111001111111111111111111
110111111111111110111111101111111111111111111111111111111111111111111011111111111111111111
110111110111111110111110111111111111110111111111111111111101111111111011111111111111011111
111111100111111110111111101111111111111111111111111111111101111011111111111111111111111111
110111111111111111111111101111111111111111111111111111111101111111111011111111111111111111
111111110110111111111111111111111111111111111111111111111111111110111011110111111111111111
110111110111111111111111111111111111111111111111111111011101111111111011111111111111111111
110011110111111110111111101111101111111111111111111111111101111111111011111111111111111111
110111110111101110111111101111111111111111111111111011111101111111101011111111111111111111
110111110111111110111111101111111111111111111111111111111111111111111011110111111111111111
111111110111111110111111101111101111111111111111111111111101101111111111111110111111111111
course 3:
111111111111111111011111111111111111011101111111111011111101111111111100101111111111111111
111111111111111111011111111111111111111100111111111011111101111111110101111111111111111111
111111111111110111111111111111111111111101111111111011110101111111111101101111111111111111
011111111111111111011111111111111111111111111111111011101101111111111101101111111111111111
111111111111111111011111111111111111111101111111111011111101111111111111101111111111111111
111111111111111111011111111111111111111101111111111111111101111111111101101111111111111111
111111111111111111111111111111111111111101111101111011111101111111111101101111111111111111
111110111111111111011111111111111111111111111111111011111111111111111101101111101111111111
111111111111111111011111111111111111111111111111111011111101111101111101101101111111111011
111011111111111111011111111111111111111101111111111011111101111111111111101111111111111111
111111111111111110111111111111111111111101011111111011111111111111111101111111111111111111
111111111111111111011111111111101111111101111111111011110111111111110101101111111111111111
111111111111111111011111111111111111111101111011111111111101111111111110101111111111111111
111111111111111111011111111111111111111101111111111011111101111111111101111111111111111111
111111111111111111011111111111111111111111111111111011111101111111111101101111111111111111
111111111111111111011111111111111111111101111111111011111101111111111101111111111111111111
111111111111111111011111111111111111111101111111111111111101111111111101101111111111111111
111111111111111111011101111011111111111100111111111111111111111111111101101111111111111111
111111111111111111010111111111111111111101111111111011111101111111111111101111111111111111
111111111111111111111111111111111111111101111111111011111101111111111101101111111111111111
course 4:
111111111111111111110111111111111111111101010111111111111111111111111111011111111111111111
111111111111111111110111111111111111111101010111111101111111111111111111011111111111111011
111111111111111111110111111111111111111111010111111111111111111111111111011111111111111011
111110111111111111110111111111111111111101010111111111110111111111111111111111111111111111
111111111111111111111111111111111111101101110111111111111111111111011111011111111111111011
111111111101111111110111111111111111111101010111011111111111111111111111111111111111111011
111111111111111111110111111111111111111101010111111111111111111111111111011111111111111011
111111111111111111110111111111111111111101111111111111011111111011111111011111111111111011
111111111111111111111111111111111111111101010111111111111111111111111111011111111111111011
111110111111111111110111111110111111111100010111111111111111111111111111011111111111111011
111111111111111111111111111111111111111101110111111111111111111111111111011111111111111111
111111111111111101111111111111111110111111010111111111111111111111111111011111111111111011
111111111111111111110111111111111111111101011111111111111111111111111111011111110111111111
111111111111001111110111111111111111111101011111111111111111111111111110011111111111111011
111111111011111111110111111111111111111111010111111111111111111111111111011111111111111001
111111111111111111110111111111111111111101010101111111111111111111111111111111111111111011
111111111111111111110111111111111111111101010111111111101111111111111011011111011111111011
111111111111111111110111111111111111111111010111111111111111111111111111011111111111111011
111111111111011111110011111111111110111101110111111111111111111111111111011111111111111011
111111111111111111110111111111111111111101010111111111111111111111111111101111111101111011
