course 0:
11111111111111111111
11111111111111111111
11110111111111111111
11111111111111111111
11101111111111111111
11111111111111111111
00000010000110000001
11111111111111111111
11111111111111111111
11111111111111111111
11111111111111111111
11111111101111111101
11111111111111111111
11111111101111111111
11111111111111111111
11111111111111111011
11111111111111111101
11111111111111111111
11111111111111111111
11111111111111111111
11011111111111111111
00000000011000001100
11111111111111111111
11111111111111111111
11111111111111111111
11111111111111111111
11111111111111111111
11111111111111111111
11111111111111111111
11111111111111111111
10111111111111111111
11111111111111111111
11111111111111111111
11111111111101111111
11111111111111111111
11111111111111111111
11111111111111111111
11111111111111111111
11111111111111110111
11111111111111111111
00000001000001101000
11111111111111111111
00100000000000001110
11111111111111111111
11111111111111111111
11111111111111111111
11111111111111111111
11111111111111111111
11111111101111111111
11111111111110111111
11111111111111111111
11111111111111111111
11111111111111111111
11111111011111111111
00000000001010010010
11111111111111111111
10111111111111111111
11111111111111111111
11111111111111111111
10111111111111111111
11111111011111111111
11111111111111111111
11111111111111111111
11111111111111111111
11111111111111111111
11111111111111111111
11111101111011111111
11111111111111111111
11111111111111111111
11111111111111111011
11111111111111111111
11111011111111111111
11111111111111101111
11111111111111111111
11111011111111111111
11111111111111111111
11111111111111111111
11111111111111111111
11111111011111111111
11010111111111111111
11111111111011111111
11111111111111111111
11101111111111111111
11111111111111111111
01000001000010000001
00101000100001000000
11110111111111111111
11111111111111111111
11111111111111111111
10010010000000100000
course 1:
01000000001000001001
11111111111111111111
11111111111111111111
11111111111111111111
11111111111101111111
11111111111111111111
11111111111111111111
11111111111111111111
11111111111111111111
11111111111111111111
11111111111111111110
11111111110111111111
11111111111111011111
11110111111111111111
11111111111101111111
11111111111111111111
11111011111111111111
11011111111111111111
10111111111111111111
11111111111111111111
11111111111111101111
11111111111111111111
11111111111111111111
11101111111111111111
01111111111111111110
11100111111111111111
11111111111111111111
11110111111111111111
11111011111111111111
00100001010000001000
11111111111111111111
01111111111111111111
11111111111111111111
11111111111111111111
11111111111111111111
11111111111111111111
11111101111111011111
11111111111110111111
11111111111111110111
11111111111111111111
11111111111111111111
11111111111111111101
11111111111111111111
11111111111111111111
00000100010000100010
11011111110111111111
11111111111111111111
00000010000001100010
11111111111111111111
11111111111111111111
11111111111111111111
11111111111111101111
11111111111111111111
11111111111111111111
11111111111110111111
11111111111111111111
11111111111111111111
11111111111111111111
11111111111111111111
11111111111111111111
11111111111111111111
11111111111111111111
11111111111111111111
11111111111111111111
11111111111111111111
11111111111111111111
11111111111111111111
11111111111111111111
11111111111110111111
11111111111111111111
11111111111111111111
11111111111111101111
11111111111111011111
11111111111111111111
11111111111111111111
10111111111111111111
11111111111111111111
11111111111111111111
11111111111111111111
11111111111101111111
11111111111111111111
11111111111111111111
11111111111111111111
00000001010100001000
11111111111111111111
11111111111111111111
11111111111111111111
11111111111111111111
11111111111111111111
00000010000001010100
course 2:
11111111111111111111
10111111111111111111
11111111111111111111
10111111111111110111
11111111111111111111
11111111111011111111
11111111011111111111
11111111111111111111
11111111111111111111
00100010100100000000
11111111111111111111
11111110111111111111
11111111111111111111
11111101111111111111
11111111111111111111
11001111111111101111
11111111111111111111
11111111111111111111
11111111111111111111
11111111111111111111
00000110000000010100
11111111111111111111
11111111111111111111
11111111111111111111
11110111111111111111
11111111111111101111
11111111111111111111
11111111111111111111
11111111111111110111
11111111111111111101
11111111111111111111
11111111111111111111
11111111111111111111
11111111111111111111
11111111111111111111
11111111111110111111
11111111111111111111
11111111111011111110
11111111111111111111
11111111111111111111
11111111111111111111
11111111111111111101
11111111011111111111
11111111111111111111
11111111111111111111
11111111111111111111
11111111111110111111
11111111111101111110
11111111111111111101
11111101111111111111
00001010000000110000
11111110111111111111
10110100000000000000
11111111111111111111
11111111111111111111
11111111111111111111
11111111111111111111
11111001111111111111
11111111111111111111
11111111111111111111
11111111111111111111
11111111111111111111
11111111111111111111
11111111111111111111
11111111111111111011
11111111111111111111
11111011111111111111
10111111111111111111
11111111111011111110
11111111111111111111
11111111111111111111
11110111111111111111
11111111111111111111
11111111111111111111
11111111111111111111
11111111111111111111
11111111111111111111
11110111101111111111
11111111111111111111
11111111111111110011
00010010000110000000
11111111111111111111
11111111111111111011
11111111111111111111
11011111111111111111
11111111111111111111
11111111111111111111
11111111111111111111
11111111111111111111
11111111111111111111
course 3:
11111111111111111111
11111111111111111111
11110111111111111111
11101111111111111111
00000110100000010000
01111111111111111111
11111111111111111111
11111111111111111111
11111111111111111111
11111111111111111111
11111101111111111111
11111111111101111111
11111111111111111111
11111111111111111111
11111111111011111111
11111111111111111111
11111111111111111111
11011111111111111111
11111111111111111111
11111111111110111111
11111111111111111111
11111111111111111101
11111111111110111110
11111111111111111111
11111111111111111111
11111111111111111111
11111111111111111111
00010000011010000000
11111111111111111111
11111111111111111111
11111111111111111111
11111101011111111111
11111111111101110111
11111111111111111111
11111111111111111110
11111111111111111111
11111111111111111111
11111111111111101111
11111111111111111111
11111111111111111111
11111111111111111111
11111111111111111111
11111111111111111111
10111111111111110111
00000000001110100000
11111111111111111111
11111110111111111111
11111111111111111111
11111111111111111111
11111111111111111111
11111111111111111111
11111111111111111111
11111111111111111111
11111111111111111111
11111111111111111111
11111111111111111111
11111111111111111111
11111111111111111111
11111111111111111111
11111111111111111111
11111111111111111111
11111011111111111111
11111110111111111111
11111111111111111111
11111111111111111111
11111110111111111111
11111111111111111111
11111111111111111111
11111111111111111111
11111111111111111111
11111111111111111111
11111111111111111111
11111111111111111111
11111111111111111111
00100100110000000000
11111111111111111111
11101111111011111111
11111111111111111111
11111111111111111110
11011111111111111111
11111111111111111111
11111111111111111111
11111111111111111111
00110010000001000000
11111111111111111111
11111111111111111111
00000100000010010100
00001000000001101000
11111111111111111111
11111111111111110111
course 4:
11111111111111111111
11111111111111111111
11111111101111111111
11111111111111111111
11111111111111111111
10111101111111011111
11111111111111111111
11111111011111111111
11111111111111111111
11111111111111110111
11111111111111111111
10000000001100000000
01000100000000010001
01111111111111111111
11111111111111111111
11111111111111111111
01110111111111111111
11111111111111111111
11111111111111111111
00001000010010000010
11111111111111111111
11111111111111111111
11111111111111111111
11111111111111111111
11111111111111111111
11111111111111111111
11111111111111111111
11111111111111111111
11111111111111111111
11111111111111111111
11111111111111111111
11111111111111111111
11111111111111111111
11111111111111111111
11111111111111111111
11111111111111111111
11111111111111111111
11111111111111111101
11111111111111111111
11111111111111111111
11111111111111111111
11111111111111111111
11011111111111111111
00000000000101100010
11111111111111111111
11111111111111111111
11111111111101111111
11111111111111111111
11111101111111111111
11111111111111111111
11111111011111111111
11111111111111111111
11111111111111111111
11111111111111111111
11111111111111111111
11111111111111111111
11111111111111111111
11111101111111111111
11111111111011111111
11111111111111111111
11111111111111111111
11111111111111111111
11111111111111011111
11111111111111111111
00000001000110000001
11111111111111111111
11111111111111111111
11111111111011111111
11111111111111111111
11111111111111111111
11111111111111111111
11111111111101111111
11111111111111111111
11111111111111111111
11111111111111111111
11111111111111111111
11111111111111110111
00000000011001010000
11111111111111101111
01000000000000001011
11111111111110111111
11111111111111111110
11111111111111110111
11111111111111111111
11111111111111111111
11111111111111111111
00011000001010000000
11111111111111111111
11111111111111101111
11111111111111111111
