course 0:
111111011111111111111011111111111111111101011111111111011111111111111111111111111111001111
111111011111111111111011111111011111111101011111111111010110111111111111111111111111101110
111111011111111111110011111111111111111101111111111111011111111111111111111111101111011110
111101011111111111111011111111111111111101011111111111011111111111111111111111111101001111
110111011111111111111011111111111111111101011111111111011111111111111111111111101111010110
111111011111111111111011111111111111111101011111111111011111111111111110110111111111001110
111111111111111111111011111111111111111101011111111111011111111111011111111111111111001111
111111011111111111111011111111111111111111011111111111011111111111111111111111111111101110
111111011111111111111011111111111111111101011111111110011111011111111111111111011111011110
111111011110101111111111111111111111111101011111011111011111111111111111111111111111001110
111111011111111111111111111111111111111101011111111111111111111111111111111111111111001110
111111111111111111111011111111111111111101011111111111011111111111011111111111110111001110
111111111111111111111011111111111011111101011111111111111111111111111111111111111111101110
111111011111111111111011111111111111111111011111101111011111111111111111111111111111011110
111111011111111111111011111111111111111111011111111111011111111111111111111111111111001111
111111011111111111111011111111111111111101011111111111111111111111111111011111111111001110
111111011111111111111111111111111111110111111111111111011111111111111111111111111111001110
111111011111111011111111111111111111111101111111111111011111111111111011111111111111001110
111111011110111101111011111111111111111101111111111111111111111111111111111111111111001110
111111111111111111111011111111111111111101011111111111011111111111111111111111111111101110
course 1:
011111111111111111111111011110101111111111110110111111111111111111111111111111111110111110
111111111111111111011111111110111111111111110110111111111111111111111111111011111110111110
011111111111111110111111111111111111111111110010111111111111111111111111111111111110111110
011111111111111111111110101110111111111111110110111111111111111111111111111111111110111110
011111111111101111111111101010111111111111110110111111111111111111111111111111111110111110
011111111111111101111111111100111111111111111110111111111111111111111111111111111110111110
011111111111111111111111111110111111011111110111111111111111111111111111111111111110111111
011111111111111111111111111111111111111111110110111111111111111111111111111111111111111110
011111111111111111111111111110111111111111110110111111111111111111111111111111111110111110
011111111111111111111111111111111111111111111110111111111111111111111111111111111111111110
111111111110111111111111111110111111111111110010111111111111111111111111111111111110111110
011111111111111111111111111110111111111111110110111111111111111111111111111111111111111110
011101111111110111111111111110111111111111110110111111111111111111111111111111101110111110
011111111111111111111111111110111111101111110111111111011111111111110111111111111110111111
011111111111011111111111111110111111011111111111111111111111111111111111011111111110111110
011111111111111111110111111110111111111111110110111011111111111111111110111111111110111111
111111111111111111111111111111111111110111110110111111111111111111111111111111111111111110
011111111111111111111111111110111111111111110110111111111111111111111111111111111110111111
011111111111111111111111111110111111111110111111111111111111111111111111111111111110111110
111111111101111111111111011110111111111111110110111111111111111111111111111111111110111110
course 2:
111111111011111111110111111111111111111111111111110111111111111111111111111111110111111111
101011111011111111110111111111111111111111111111110101111111111111101111111111110111111111
111111111111111011110111111111111111111111111111110111111111111111111111111111110111011111
111111111011111011110111111111111111111111111111110111111111111111111111111111111111111111
111111111011111111110111011111111111111111111111111101111111111111111110111110110111111111
111111111011111111111111111111111111111111111111110111111011111111011111111111110111111111
111111111111101111111111111111111111111111111111101101111011111111111111111111111111111111
111111111010111111110111111111111111111111111111110001111111111111111111111111110111111111
111111011111111111110111111111111111111111011111110101111111111111111111111111110111111111
111111111011111111110111111111111111111111111111110101111111111111111111111110110111111111
111111111011111111110111111111111111111111111111110101111111111111111111111111110111111111
111110111111111111110111111111111111101111111111110101111111111111110111111111111111111111
111111111011111111110111111111111111111111111110110101111111111111111111111111111111111111
111111111011111111110111111111111110111111111101110101111111111111111111111111110111111111
111111111011111111110111111111111111111111111111111101111111111111111111111111110111111111
111111111011111011111111101111111111111111111111111101111111111111111111111111110111111111
111011111011111111110111111101111111111111111111110101111111111111111111111111100111111111
111111111011111111111111111111111111111111111111110101111111111101111111111111100101111111
111111111011111111110111111110111111111110111111010101111111111111111111111111110111111111
111111111011111111110111111111111111101111111110110101111111111111110111111111110111111111
course 3:
111100111111111111111111111011111111111111110111111111111111111111111111110111111110110011
111101111111111111111111111011111111111111100111111111111111111111111111110111111110110011
111101111111111110111111111011111111111111110111111111111111111111111111111111101111110011
111001111111111111111111111111111111111111110111111111111111111111111111110101111111110011
110101111111111111111111111011111111111111110111111111111111111111111111110111111110110111
111111111111111111111111111011111111111111110111111111111111101111111111111111111110111011
111111111101111111111111111011101111111111110111111111111111111111111111110111111111110011
111101111111111111111111111011111111111111110101111111111111110110111111110111111110110011
111111111111111111111111111011101111111111110111111111111111111111111111111111111110110011
111101111111111111111111111111111111111111110111111111111111111111111111111111111110110011
111101111111111111111111111111111111111111111111111111111111111111111111110111111110110011
111101111111110111111111111011111111111111111111111111111111111111111111110101111110110011
111101111110111111111111111111110111111111111111111111111111111111111111110111111110111011
111101111111111111101101111011111111111111110111111111111111111111111111110111111111110111
111101111111111111111111111011111111111111111111111111111111111111111111110111111110110111
111111111111111111111111111011111111101111110111111111111111111111111111110111111110111011
111101111111111111111111111011110111111111100111111111111111111111111111110111111110110110
111101111111111111111111111011111111111111110111111111111111111111111111110111111110111011
111101111111111111111011111011111111111111110111111111111111111111111111110111111110110011
111101111111111111111101111011111101111111110111111111111111111111111111110111011110110011
course 4:
111111111111001101101111111111111111111111101111111111111111111101111111111110101111110111
111110111110111111101111111111111111111111101111111111111111111101111111111110111111110111
111111111110011111101111111111111111111111001111111111111111111101111111111110101111110111
111111111110011111101111111111111111111111101111111111111111111101111111111110101111111111
111111111110011101111111111111111111111111101111111111111111111101111111111110101111111111
111111111110111111101111111111111111111111101111111111111111111101111111111110101111110111
111110111110011111101111111111111111111111101111011111111011111101111111111110101111110111
111111111110011111101111111111111111111111101111111111111111111111111111111110101111110111
111111101110011111101111111111111111111111101111110111111111111101111111111110101111110111
110111111110011111111111111111111111111111101111111111111111111101111111111111101111110111
111111111111011111101111111111111111111111101111111111111111111101111111111111101111111111
111111111111011111101111111111111111111111111111111111111101111111101111111110101111110111
111111111110011111111111111111111111111111101101111111111111111111111110111110101111111111
111111111110011111101111111111111111111111111111111111111111111101111111111111100111110111
111110111110011111101111111111111111111111111111111111111111110101111111111110101111110111
111111111110111111101111111111111111111111101111111111111111111101111111111111001111110101
111111111010011111101111111111111111111111101111111111111111111101111111111100111101110111
111111111110011111101111111111111111111111101111111111111111111101111111111110101111110111
111111111110011111111111111111111111101111111111111111111111111101111111111110111111110111
111111111110111111101111111111111111111111101111111111111111111111111111111110111011110111
